   3.0000000000000000        6.5740801898933429E-002 -0.19268280957853165     
   3.0100000000000002        6.3839551996394281E-002 -0.18758867381705480     
   3.0200000000000000        6.1988603535843227E-002 -0.18262200647557753     
   3.0300000000000002        6.0186697155276331E-002 -0.17777975495821197     
   3.0400000000000000        5.8432603665985940E-002 -0.17305893693901586     
   3.0500000000000003        5.6725123357681845E-002 -0.16845663880347661     
   3.0600000000000001        5.5063085319030529E-002 -0.16397001412336204     
   3.0700000000000003        5.3445346773281222E-002 -0.15959628216424390     
   3.0800000000000001        5.1870792428657164E-002 -0.15533272642502219     
   3.0899999999999999        5.0338333843193396E-002 -0.15117669320878158     
   3.1000000000000001        4.8846908803712660E-002 -0.14712559022433350     
   3.1099999999999999        4.7395480718635301E-002 -0.14317688521780708     
   3.1200000000000001        4.5983038024324657E-002 -0.13932810463366027     
   3.1299999999999999        4.4608593604679107E-002 -0.13557683230450684     
   3.1400000000000001        4.3271184223682840E-002 -0.13192070816915205     
   3.1499999999999999        4.1969869970639131E-002 -0.12835742701825734     
   3.1600000000000001        4.0703733717809908E-002 -0.12488473726705142     
   3.1699999999999999        3.9471880590196476E-002 -0.12150043975453112     
   3.1800000000000002        3.8273437447196967E-002 -0.11820238656859254     
   3.1899999999999999        3.7107552375886234E-002 -0.11498847989655830     
   3.2000000000000002        3.5973394195664740E-002 -0.11185667090056396     
   3.2100000000000000        3.4870151974032045E-002 -0.10880495861728912     
   3.2200000000000002        3.3797034553243059E-002 -0.10583138888152159     
   3.2300000000000000        3.2753270087611940E-002 -0.10293405327305659     
   3.2400000000000002        3.1738105591231781E-002 -0.10011108808644147     
   3.2500000000000000        3.0750806495885373E-002  -9.7360673323089619E-002
   3.2600000000000002        2.9790656218924131E-002  -9.4681031705290658E-002
   3.2700000000000000        2.8856955740900147E-002  -9.2070427711661754E-002
   3.2800000000000002        2.7949023192737659E-002  -8.9527166633585856E-002
   3.2900000000000000        2.7066193452237739E-002  -8.7049593652199192E-002
   3.3000000000000003        2.6207817749711548E-002  -8.4636092935493248E-002
   3.3100000000000001        2.5373263282544297E-002  -8.2285086755110121E-002
   3.3200000000000003        2.4561912838494002E-002  -7.9995034622414585E-002
   3.3300000000000001        2.3773164427535375E-002  -7.7764432443439044E-002
   3.3399999999999999        2.3006430922061075E-002  -7.5591811692300476E-002
   3.3500000000000001        2.2261139705258313E-002  -7.3475738602702290E-002
   3.3599999999999999        2.1536732327481715E-002  -7.1414813377138259E-002
   3.3700000000000001        2.0832664170446824E-002  -6.9407669413423065E-002
   3.3799999999999999        2.0148404119073541E-002  -6.7452972548185663E-002
   3.3900000000000001        1.9483434240811184E-002  -6.5549420316964216E-002
   3.3999999999999999        1.8837249472281072E-002  -6.3695741230552799E-002
   3.4100000000000001        1.8209357313075703E-002  -6.1890694067253643E-002
   3.4199999999999999        1.7599277526557582E-002  -6.0133067180700002E-002
   3.4300000000000002        1.7006541847502984E-002  -5.8421677822916220E-002
   3.4399999999999999        1.6430693696440634E-002  -5.6755371482294724E-002
   3.4500000000000002        1.5871287900537004E-002  -5.5133021236169762E-002
   3.4600000000000000        1.5327890420884572E-002  -5.3553527117680223E-002
   3.4700000000000002        1.4800078086050831E-002  -5.2015815496614722E-002
   3.4800000000000000        1.4287438331750687E-002  -5.0518838473944186E-002
   3.4900000000000002        1.3789568946505773E-002  -4.9061573289746689E-002
   3.5000000000000000        1.3306077823159278E-002  -4.7643021744242793E-002
   3.5100000000000002        1.2836582716115522E-002  -4.6262209631657454E-002
   3.5200000000000000        1.2380711004178417E-002  -4.4918186186638280E-002
   3.5300000000000002        1.1938099458863677E-002  -4.3610023542958863E-002
   3.5400000000000000        1.1508394018063906E-002  -4.2336816204246050E-002
   3.5500000000000003        1.1091249564947283E-002  -4.1097680526472877E-002
   3.5600000000000001        1.0686329711973599E-002  -3.9891754211965814E-002
   3.5700000000000003        1.0293306589913526E-002  -3.8718195814678329E-002
   3.5800000000000001        9.9118606417601153E-003  -3.7576184256490626E-002
   3.5899999999999999        9.5416804214227980E-003  -3.6464918354296952E-002
   3.6000000000000001        9.1824623970978448E-003  -3.5383616357650381E-002
   3.6099999999999999        8.8339107592104085E-003  -3.4331515496736811E-002
   3.6200000000000001        8.4957372328260516E-003  -3.3307871540456342E-002
   3.6299999999999999        8.1676608944320234E-003  -3.2311958364394558E-002
   3.6400000000000001        7.8494079929899672E-003  -3.1343067528469791E-002
   3.6499999999999999        7.5407117751650271E-003  -3.0400507864048871E-002
   3.6600000000000001        7.2413123146369109E-003  -2.9483605070325339E-002
   3.6699999999999999        6.9509563454020458E-003  -2.8591701319761839E-002
   3.6800000000000002        6.6693970989765124E-003  -2.7724154872398862E-002
   3.6899999999999999        6.3963941454126131E-003  -2.6880339698839746E-002
   3.7000000000000002        6.1317132380427856E-003  -2.6059645111722572E-002
   3.7100000000000000        5.8751261618672787E-003  -2.5261475405496069E-002
   3.7200000000000002        5.6264105855032094E-003  -2.4485249504318834E-002
   3.7300000000000000        5.3853499166148303E-003  -2.3730400617905975E-002
   3.7400000000000002        5.1517331607461806E-003  -2.2996375905149882E-002
   3.7500000000000000        4.9253547834795632E-003  -2.2282636145347253E-002
   3.7600000000000002        4.7060145758441854E-003  -2.1588655416865422E-002
   3.7700000000000000        4.4935175229018267E-003  -2.0913920783087483E-002
   3.7800000000000002        4.2876736754371373E-003  -2.0257931985476277E-002
   3.7900000000000000        4.0882980246825214E-003  -1.9620201143603178E-002
   3.8000000000000003        3.8952103800083981E-003  -1.9000252461988661E-002
   3.8100000000000001        3.7082352495117180E-003  -1.8397621943606567E-002
   3.8200000000000003        3.5272017234366723E-003  -1.7811857109905956E-002
   3.8300000000000001        3.3519433603632336E-003  -1.7242516727208265E-002
   3.8399999999999999        3.1822980761003661E-003  -1.6689170539339927E-002
   3.8500000000000001        3.0181080352223760E-003  -1.6151399006363889E-002
   3.8599999999999999        2.8592195451879903E-003  -1.5628793049276536E-002
   3.8700000000000001        2.7054829529831307E-003  -1.5120953800538428E-002
   3.8799999999999999        2.5567525442298368E-003  -1.4627492360311524E-002
   3.8900000000000001        2.4128864447047205E-003  -1.4148029558276699E-002
   3.8999999999999999        2.2737465242119413E-003  -1.3682195720909346E-002
   3.9100000000000001        2.1391983027565465E-003  -1.3229630444092332E-002
   3.9199999999999999        2.0091108589655807E-003  -1.2789982370949249E-002
   3.9300000000000002        1.8833567407051447E-003  -1.2362908974782167E-002
   3.9399999999999999        1.7618118778431314E-003  -1.1948076347001915E-002
   3.9500000000000002        1.6443554971080411E-003  -1.1545158989939814E-002
   3.9600000000000000        1.5308700389958393E-003  -1.1153839614433645E-002
   3.9700000000000002        1.4212410766774157E-003  -1.0773808942081556E-002
   3.9800000000000000        1.3153572368606948E-003  -1.0404765512061060E-002
   3.9900000000000002        1.2131101225620695E-003  -1.0046415492411405E-002
   4.0000000000000000        1.1143942377431729E-003  -9.6984724956807322E-003
   4.0099999999999998        1.0191069137697149E-003  -9.3606573988407864E-003
   4.0200000000000005        9.2714823765024305E-004  -9.0326981673743735E-003
   4.0300000000000002        8.3842098201359109E-004  -8.7143296834430676E-003
   4.0400000000000000        7.5283053678454955E-004  -8.4052935780436488E-003
   4.0499999999999998        6.7028484251846477E-004  -8.1053380670651071E-003
   4.0600000000000005        5.9069432535610578E-004  -7.8142177911587844E-003
   4.0700000000000003        5.1397183356113657E-004  -7.5316936593367431E-003
   4.0800000000000001        4.4003257560326192E-004  -7.2575326962147808E-003
   4.0899999999999999        3.6879405975112238E-004  -6.9915078928190315E-003
   4.0999999999999996        3.0017603513959803E-004  -6.7333980608760089E-003
   4.1100000000000003        2.3410043427712991E-004  -6.4829876905082608E-003
   4.1200000000000001        1.7049131695940267E-004  -6.2400668112592827E-003
   4.1299999999999999        1.0927481555638193E-004  -6.0044308563727963E-003
   4.1399999999999997        5.0379081640654950E-005  -5.7758805302535543E-003
   4.1500000000000004       -6.2657660744830804E-006  -5.5542216790380105E-003
   4.1600000000000001       -6.0727692517874307E-005  -5.3392651642049406E-003
   4.1699999999999999       -1.1307279579441210E-004  -5.1308267391573844E-003
   4.1799999999999997       -1.6336535549930592E-004  -4.9287269287092567E-003
   4.1900000000000004       -2.1166787984148560E-004  -4.7327909114107773E-003
   4.2000000000000002       -2.5804115160416448E-004  -4.5428484046488981E-003
   4.2100000000000000       -3.0254427297005885E-004  -4.3587335524596683E-003
   4.2199999999999998       -3.4523470923799676E-004  -4.1802848159915714E-003
   4.2300000000000004       -3.8616833145718374E-004  -4.0073448665595215E-003
   4.2400000000000002       -4.2539945800469794E-004  -3.8397604812310162E-003
   4.2500000000000000       -4.6298089513130408E-004  -3.6773824408867358E-003
   4.2599999999999998       -4.9896397649997100E-004  -3.5200654306997434E-003
   4.2700000000000005       -5.3339860174107150E-004  -3.3676679429780645E-003
   4.2800000000000002       -5.6633327404757665E-004  -3.2200521823170449E-003
   4.2900000000000000       -5.9781513683313621E-004  -3.0770839730087179E-003
   4.2999999999999998       -6.2789000947529087E-004  -2.9386326686569823E-003
   4.3100000000000005       -6.5660242216567378E-004  -2.8045710639480830E-003
   4.3200000000000003       -6.8399564988847459E-004  -2.6747753085273147E-003
   4.3300000000000001       -7.1011174554801995E-004  -2.5491248229336629E-003
   4.3399999999999999       -7.3499157226577388E-004  -2.4275022165454975E-003
   4.3500000000000005       -7.5867483486667057E-004  -2.3097932074911199E-003
   4.3600000000000003       -7.8120011057417592E-004  -2.1958865444792570E-003
   4.3700000000000001       -8.0260487893309064E-004  -2.0856739305052789E-003
   4.3799999999999999       -8.2292555097859430E-004  -1.9790499483902991E-003
   4.3899999999999997       -8.4219749766967775E-004  -1.8759119881108573E-003
   4.4000000000000004       -8.6045507760465359E-004  -1.7761601758780592E-003
   4.4100000000000001       -8.7773166403603187E-004  -1.6796973049259059E-003
   4.4199999999999999       -8.9405967120167009E-004  -1.5864287679693190E-003
   4.4299999999999997       -9.0947057998867938E-004  -1.4962624912934739E-003
   4.4400000000000004       -9.2399496294623548E-004  -1.4091088704366523E-003
   4.4500000000000002       -9.3766250866301603E-004  -1.3248807074298687E-003
   4.4600000000000000       -9.5050204552468720E-004  -1.2434931495571087E-003
   4.4699999999999998       -9.6254156486643284E-004  -1.1648636296011376E-003
   4.4800000000000004       -9.7380824353523381E-004  -1.0889118075402724E-003
   4.4900000000000002       -9.8432846587622196E-004  -1.0155595136625757E-003
   4.5000000000000000       -9.9412784515713832E-004  -9.4473069306438785E-004
   4.5099999999999998       -1.0032312444445504E-003  -8.7635135150116773E-004
   4.5200000000000005       -1.0116627969452164E-003  -8.1034950255904725E-004
   4.5300000000000002       -1.0194459258256339E-003  -7.4665511611638879E-004
   4.5400000000000000       -1.0266033635225353E-003  -6.8520006806517618E-004
   4.5499999999999998       -1.0331571705567691E-003  -6.2591809126293899E-004
   4.5600000000000005       -1.0391287538627342E-003  -5.6874472768633506E-004
   4.5700000000000003       -1.0445388846452377E-003  -5.1361728175836779E-004
   4.5800000000000001       -1.0494077157753854E-003  -4.6047477482165719E-004
   4.5899999999999999       -1.0537547987368161E-003  -4.0925790073099462E-004
   4.6000000000000005       -1.0575991001333530E-003  -3.5990898253883359E-004
   4.6100000000000003       -1.0609590177688619E-003  -3.1237193024810493E-004
   4.6200000000000001       -1.0638523963098763E-003  -2.6659219960717244E-004
   4.6299999999999999       -1.0662965425412762E-003  -2.2251675192248971E-004
   4.6399999999999997       -1.0683082402250799E-003  -1.8009401486490789E-004
   4.6500000000000004       -1.0699037645721756E-003  -1.3927384424621556E-004
   4.6600000000000001       -1.0710988963365665E-003  -1.0000748674300966E-004
   4.6699999999999999       -1.0719089355415035E-003  -6.2247543545459918E-005
   4.6799999999999997       -1.0723487148466355E-003  -2.5947934909136209E-005
   4.6900000000000004       -1.0724326125651057E-003   8.9361344115461468E-006
   4.7000000000000002       -1.0721745653393005E-003   4.2448208869127598E-005
   4.7100000000000000       -1.0715880804837627E-003   7.4630614988648137E-005
   4.7199999999999998       -1.0706862480035625E-003   1.0552449341283018E-004
   4.7300000000000004       -1.0694817522962430E-003   1.3516983014648010E-004
   4.7400000000000002       -1.0679868835452376E-003   1.6360548701913961E-004
   4.7500000000000000       -1.0662135488125021E-003   1.9086923138467071E-004
   4.7599999999999998       -1.0641732828378801E-003   2.1699776507593855E-004
   4.7700000000000005       -1.0618772585525777E-003   2.4202675263243489E-004
   4.7800000000000002       -1.0593362973139260E-003   2.6599084881820216E-004
   4.7900000000000000       -1.0565608788684342E-003   2.8892372544709011E-004
   4.7999999999999998       -1.0535611510499941E-003   3.1085809753191897E-004
   4.8100000000000005       -1.0503469392198956E-003   3.3182574877379172E-004
   4.8200000000000003       -1.0469277554551923E-003   3.5185755640740498E-004
   4.8300000000000001       -1.0433128074917610E-003   3.7098351541786835E-004
   4.8399999999999999       -1.0395110074282747E-003   3.8923276214413653E-004
   4.8500000000000005       -1.0355309801971494E-003   4.0663359728386857E-004
   4.8600000000000003       -1.0313810718083729E-003   4.2321350831414460E-004
   4.8700000000000001       -1.0270693573719840E-003   4.3899919134217320E-004
   4.8799999999999999       -1.0226036489048465E-003   4.5401657239975825E-004
   4.8899999999999997       -1.0179915029271925E-003   4.6829082819500954E-004
   4.9000000000000004       -1.0132402278543165E-003   4.8184640633445585E-004
   4.9100000000000001       -1.0083568911886398E-003   4.9470704502840716E-004
   4.9199999999999999       -1.0033483265172467E-003   5.0689579229214123E-004
   4.9299999999999997       -9.9822114031988818E-004   5.1843502465516228E-004
   4.9400000000000004       -9.9298171859229698E-004   5.2934646539052699E-004
   4.9500000000000002       -9.8763623328956178E-004   5.3965120227593378E-004
   4.9600000000000000       -9.8219064859418051E-004   5.4936970489802013E-004
   4.9699999999999998       -9.7665072701331470E-004   5.5852184151101568E-004
   4.9800000000000004       -9.7102203530963151E-004   5.6712689546067386E-004
   4.9900000000000002       -9.6530995027004670E-004   5.7520358118412029E-004
   5.0000000000000000       -9.5951966431653314E-004   5.8277005979603491E-004
   5.0099999999999998       -9.5365619096310285E-004   5.8984395427131339E-004
   5.0200000000000005       -9.4772437012293680E-004   5.9644236423414022E-004
   5.0300000000000002       -9.4172887326954703E-004   6.0258188036315492E-004
   5.0400000000000000       -9.3567420845577299E-004   6.0827859842218666E-004
   5.0499999999999998       -9.2956472519429949E-004   6.1354813292578193E-004
   5.0600000000000005       -9.2340461920331119E-004   6.1840563044856134E-004
   5.0700000000000003       -9.1719793702079561E-004   6.2286578258720739E-004
   5.0800000000000001       -9.1094858049092743E-004   6.2694283858369924E-004
   5.0899999999999999       -9.0466031112587826E-004   6.3065061761817770E-004
   5.1000000000000005       -8.9833675434631839E-004   6.3400252077966185E-004
   5.1100000000000003       -8.9198140360378572E-004   6.3701154272261082E-004
   5.1200000000000001       -8.8559762438802795E-004   6.3969028301716162E-004
   5.1299999999999999       -8.7918865812234171E-004   6.4205095720066879E-004
   5.1399999999999997       -8.7275762594986165E-004   6.4410540753800536E-004
   5.1500000000000004       -8.6630753241366586E-004   6.4586511349789871E-004
   5.1600000000000001       -8.5984126903351744E-004   6.4734120195240289E-004
   5.1699999999999999       -8.5336161778195620E-004   6.4854445710644984E-004
   5.1799999999999997       -8.4687125446242500E-004   6.4948533016423947E-004
   5.1900000000000004       -8.4037275199201405E-004   6.5017394873908337E-004
   5.2000000000000002       -8.3386858359136900E-004   6.5062012601314965E-004
   5.2100000000000000       -8.2736112588421861E-004   6.5083336965340789E-004
   5.2199999999999998       -8.2085266190894026E-004   6.5082289048991717E-004
   5.2300000000000004       -8.1434538404450601E-004   6.5059761096245645E-004
   5.2400000000000002       -8.0784139685309813E-004   6.5016617334135666E-004
   5.2500000000000000       -8.0134271984161278E-004   6.4953694772823837E-004
   5.2599999999999998       -7.9485129014424528E-004   6.4871803984224523E-004
   5.2700000000000005       -7.8836896512825239E-004   6.4771729859720536E-004
   5.2800000000000002       -7.8189752492497625E-004   6.4654232347503826E-004
   5.2900000000000000       -7.7543867488812004E-004   6.4520047170058795E-004
   5.2999999999999998       -7.6899404798125781E-004   6.4369886522294207E-004
   5.3100000000000005       -7.6256520709646789E-004   6.4204439750817420E-004
   5.3200000000000003       -7.5615364730597507E-004   6.4024374014832357E-004
   5.3300000000000001       -7.4976079804858471E-004   6.3830334929131354E-004
   5.3399999999999999       -7.4338802525271050E-004   6.3622947189639575E-004
   5.3500000000000005       -7.3703663339768895E-004   6.3402815181959294E-004
   5.3600000000000003       -7.3070786751508194E-004   6.3170523573350778E-004
   5.3700000000000001       -7.2440291513157964E-004   6.2926637888575422E-004
   5.3799999999999999       -7.1812290815511986E-004   6.2671705070017176E-004
   5.3899999999999997       -7.1186892470575765E-004   6.2406254022487340E-004
   5.4000000000000004       -7.0564199089280532E-004   6.2130796143108186E-004
   5.4100000000000001       -6.9944308253971639E-004   6.1845825836661630E-004
   5.4199999999999999       -6.9327312685814096E-004   6.1551821016778889E-004
   5.4299999999999997       -6.8713300407255938E-004   6.1249243593338581E-004
   5.4400000000000004       -6.8102354899684712E-004   6.0938539946431291E-004
   5.4500000000000002       -6.7494555256410486E-004   6.0620141387239979E-004
   5.4600000000000000       -6.6889976331103529E-004   6.0294464606176822E-004
   5.4699999999999998       -6.6288688881813130E-004   5.9961912108608996E-004
   5.4800000000000004       -6.5690759710690014E-004   5.9622872638497298E-004
   5.4900000000000002       -6.5096251799531574E-004   5.9277721590264326E-004
   5.5000000000000000       -6.4505224441265474E-004   5.8926821409199272E-004
   5.5099999999999998       -6.3917733367485684E-004   5.8570521980701444E-004
   5.5200000000000005       -6.3333830872150734E-004   5.8209161008654603E-004
   5.5300000000000002       -6.2753565931551118E-004   5.7843064383218733E-004
   5.5400000000000000       -6.2176984320650428E-004   5.7472546538317286E-004
   5.5499999999999998       -6.1604128725902528E-004   5.7097910799092674E-004
   5.5600000000000005       -6.1035038854642622E-004   5.6719449719594265E-004
   5.5700000000000003       -6.0469751541149621E-004   5.6337445410957856E-004
   5.5800000000000001       -5.9908300849473100E-004   5.5952169860328156E-004
   5.5899999999999999       -5.9350718173115981E-004   5.5563885240770628E-004
   5.6000000000000005       -5.8797032331662634E-004   5.5172844212411176E-004
   5.6100000000000003       -5.8247269664438324E-004   5.4779290215038441E-004
   5.6200000000000001       -5.7701454121284021E-004   5.4383457752395128E-004
   5.6299999999999999       -5.7159607350529393E-004   5.3985572668381046E-004
   5.6399999999999997       -5.6621748784243034E-004   5.3585852415383953E-004
   5.6500000000000004       -5.6087895720837941E-004   5.3184506314948789E-004
   5.6600000000000001       -5.5558063405107896E-004   5.2781735810991507E-004
   5.6699999999999999       -5.5032265105767750E-004   5.2377734715756583E-004
   5.6799999999999997       -5.4510512190569945E-004   5.1972689448714785E-004
   5.6900000000000004       -5.3992814199066495E-004   5.1566779268590762E-004
   5.7000000000000002       -5.3479178913084428E-004   5.1160176498705892E-004
   5.7100000000000000       -5.2969612424979846E-004   5.0753046745817087E-004
   5.7199999999999998       -5.2464119203736101E-004   5.0345549112628079E-004
   5.7300000000000004       -5.1962702158967508E-004   4.9937836404144291E-004
   5.7400000000000002       -5.1465362702889485E-004   4.9530055328038923E-004
   5.7500000000000000       -5.0972100810314400E-004   4.9122346689192708E-004
   5.7599999999999998       -5.0482915076730461E-004   4.8714845578566693E-004
   5.7700000000000005       -4.9997802774519621E-004   4.8307681556562196E-004
   5.7800000000000002       -4.9516759907368879E-004   4.7900978831019281E-004
   5.7900000000000000       -4.9039781262927361E-004   4.7494856429999605E-004
   5.7999999999999998       -4.8566860463761756E-004   4.7089428369497742E-004
   5.8100000000000005       -4.8097990016658789E-004   4.6684803816219699E-004
   5.8200000000000003       -4.7633161360324463E-004   4.6281087245564649E-004
   5.8300000000000001       -4.7172364911526437E-004   4.5878378594941573E-004
   5.8399999999999999       -4.6715590109726611E-004   4.5476773412550720E-004
   5.8500000000000005       -4.6262825460247417E-004   4.5076363001753794E-004
   5.8600000000000003       -4.5814058576016574E-004   4.4677234561156797E-004
   5.8700000000000001       -4.5369276217931457E-004   4.4279471320522946E-004
   5.8799999999999999       -4.4928464333884920E-004   4.3883152672632514E-004
   5.8899999999999997       -4.4491608096492325E-004   4.3488354301202196E-004
   5.9000000000000004       -4.4058691939558611E-004   4.3095148304973980E-004
   5.9100000000000001       -4.3629699593323136E-004   4.2703603318080429E-004
   5.9199999999999999       -4.3204614118518979E-004   4.2313784626790452E-004
   5.9299999999999997       -4.2783417939282702E-004   4.1925754282737802E-004
   5.9400000000000004       -4.2366092874948760E-004   4.1539571212729793E-004
   5.9500000000000002       -4.1952620170762530E-004   4.1155291325234037E-004
   5.9600000000000000       -4.1542980527545009E-004   4.0772967613635352E-004
   5.9699999999999998       -4.1137154130340179E-004   4.0392650256354951E-004
   5.9800000000000004       -4.0735120676076912E-004   4.0014386713920505E-004
   5.9900000000000002       -4.0336859400275099E-004   3.9638221823073397E-004
   6.0000000000000000       -3.9942349102824680E-004   3.9264197887996948E-004
   6.0099999999999998       -3.9551568172867057E-004   3.8892354768748245E-004
   6.0200000000000005       -3.9164494612805364E-004   3.8522729966972553E-004
   6.0300000000000002       -3.8781106061471160E-004   3.8155358708978393E-004
   6.0400000000000000       -3.8401379816473087E-004   3.7790274026248093E-004
   6.0499999999999998       -3.8025292855752978E-004   3.7427506833458092E-004
   6.0600000000000005       -3.7652821858373894E-004   3.7067086004079864E-004
   6.0700000000000003       -3.7283943224564181E-004   3.6709038443631442E-004
   6.0800000000000001       -3.6918633095039971E-004   3.6353389160646626E-004
   6.0899999999999999       -3.6556867369629659E-004   3.6000161335428548E-004
   6.1000000000000005       -3.6198621725221368E-004   3.5649376386650986E-004
   6.1100000000000003       -3.5843871633055036E-004   3.5301054035870370E-004
   6.1200000000000001       -3.5492592375379369E-004   3.4955212370008266E-004
   6.1299999999999999       -3.5144759061494124E-004   3.4611867901864401E-004
   6.1400000000000006       -3.4800346643196683E-004   3.4271035628716853E-004
   6.1500000000000004       -3.4459329929652157E-004   3.3932729089065683E-004
   6.1600000000000001       -3.4121683601704810E-004   3.3596960417573861E-004
   6.1699999999999999       -3.3787382225649107E-004   3.3263740398258826E-004
   6.1799999999999997       -3.3456400266477381E-004   3.2933078515985761E-004
   6.1900000000000004       -3.3128712100620624E-004   3.2604983006312606E-004
   6.2000000000000002       -3.2804292028199212E-004   3.2279460903735424E-004
   6.2100000000000000       -3.2483114284798624E-004   3.1956518088381249E-004
   6.2199999999999998       -3.2165153052786030E-004   3.1636159331194594E-004
   6.2300000000000004       -3.1850382472182207E-004   3.1318388337662134E-004
   6.2400000000000002       -3.1538776651103675E-004   3.1003207790119181E-004
   6.2500000000000000       -3.1230309675788111E-004   3.0690619388679710E-004
   6.2599999999999998       -3.0924955620217665E-004   3.0380623890831690E-004
   6.2700000000000005       -3.0622688555352590E-004   3.0073221149737143E-004
   6.2800000000000002       -3.0323482557988418E-004   2.9768410151276043E-004
   6.2900000000000000       -3.0027311719248384E-004   2.9466189049871219E-004
   6.2999999999999998       -2.9734150152723989E-004   2.9166555203131853E-004
   6.3100000000000005       -2.9443972002274674E-004   2.8869505205350295E-004
   6.3200000000000003       -2.9156751449498189E-004   2.8575034919887449E-004
   6.3300000000000001       -2.8872462720882385E-004   2.8283139510479945E-004
   6.3399999999999999       -2.8591080094649398E-004   2.7993813471502264E-004
   6.3500000000000005       -2.8312577907302057E-004   2.7707050657215090E-004
   6.3600000000000003       -2.8036930559883138E-004   2.7422844310031366E-004
   6.3700000000000001       -2.7764112523956174E-004   2.7141187087829406E-004
   6.3799999999999999       -2.7494098347318342E-004   2.6862071090342723E-004
   6.3900000000000006       -2.7226862659453542E-004   2.6585487884654734E-004
   6.4000000000000004       -2.6962380176735219E-004   2.6311428529825822E-004
   6.4100000000000001       -2.6700625707386851E-004   2.6039883600679467E-004
   6.4199999999999999       -2.6441574156208745E-004   2.5770843210773452E-004
   6.4299999999999997       -2.6185200529079284E-004   2.5504297034581539E-004
   6.4400000000000004       -2.5931479937237923E-004   2.5240234328909614E-004
   6.4500000000000002       -2.5680387601358079E-004   2.4978643953570839E-004
   6.4600000000000000       -2.5431898855416405E-004   2.4719514391341967E-004
   6.4699999999999998       -2.5185989150366533E-004   2.4462833767224226E-004
   6.4800000000000004       -2.4942634057623152E-004   2.4208589867029824E-004
   6.4900000000000002       -2.4701809272363899E-004   2.3956770155315646E-004
   6.5000000000000000       -2.4463490616654667E-004   2.3707361792684348E-004
   6.5099999999999998       -2.4227654042405369E-004   2.3460351652473136E-004
   6.5200000000000005       -2.3994275634161500E-004   2.3215726336849315E-004
   6.5300000000000002       -2.3763331611737949E-004   2.2973472192331493E-004
   6.5400000000000000       -2.3534798332699940E-004   2.2733575324754635E-004
   6.5499999999999998       -2.3308652294697543E-004   2.2496021613696774E-004
   6.5600000000000005       -2.3084870137658086E-004   2.2260796726384280E-004
   6.5700000000000003       -2.2863428645842441E-004   2.2027886131092866E-004
   6.5800000000000001       -2.2644304749769415E-004   2.1797275110059774E-004
   6.5899999999999999       -2.2427475528013648E-004   2.1568948771923639E-004
   6.6000000000000005       -2.2212918208881213E-004   2.1342892063706454E-004
   6.6100000000000003       -2.2000610171967860E-004   2.1119089782353301E-004
   6.6200000000000001       -2.1790528949603777E-004   2.0897526585843252E-004
   6.6299999999999999       -2.1582652228189402E-004   2.0678187003885990E-004
   6.6400000000000006       -2.1376957849426401E-004   2.0461055448217443E-004
   6.6500000000000004       -2.1173423811447580E-004   2.0246116222507568E-004
   6.6600000000000001       -2.0972028269849370E-004   2.0033353531892609E-004
   6.6699999999999999       -2.0772749538631210E-004   1.9822751492144827E-004
   6.6799999999999997       -2.0575566091044815E-004   1.9614294138490957E-004
   6.6900000000000004       -2.0380456560356781E-004   1.9407965434091383E-004
   6.7000000000000002       -2.0187399740528424E-004   1.9203749278191059E-004
   6.7100000000000000       -1.9996374586815375E-004   1.9001629513953108E-004
   6.7199999999999998       -1.9807360216290545E-004   1.8801589935985588E-004
   6.7300000000000004       -1.9620335908293322E-004   1.8603614297571831E-004
   6.7400000000000002       -1.9435281104807832E-004   1.8407686317614078E-004
   6.7500000000000000       -1.9252175410773207E-004   1.8213789687299915E-004
   6.7599999999999998       -1.9070998594328451E-004   1.8021908076501156E-004
   6.7700000000000005       -1.8891730586994770E-004   1.7832025139913934E-004
   6.7800000000000002       -1.8714351483797682E-004   1.7644124522948835E-004
   6.7900000000000000       -1.8538841543331349E-004   1.7458189867379460E-004
   6.7999999999999998       -1.8365181187767721E-004   1.7274204816757681E-004
   6.8100000000000005       -1.8193351002812632E-004   1.7092153021603624E-004
   6.8200000000000003       -1.8023331737611066E-004   1.6912018144377966E-004
   6.8300000000000001       -1.7855104304603805E-004   1.6733783864243909E-004
   6.8399999999999999       -1.7688649779337332E-004   1.6557433881626363E-004
   6.8500000000000005       -1.7523949400229360E-004   1.6382951922575052E-004
   6.8600000000000003       -1.7360984568291532E-004   1.6210321742938448E-004
   6.8700000000000001       -1.7199736846811251E-004   1.6039527132355021E-004
   6.8799999999999999       -1.7040187960994706E-004   1.5870551918068318E-004
   6.8900000000000006       -1.6882319797572223E-004   1.5703379968571765E-004
   6.9000000000000004       -1.6726114404368546E-004   1.5537995197089475E-004
   6.9100000000000001       -1.6571553989838499E-004   1.5374381564898444E-004
   6.9199999999999999       -1.6418620922570651E-004   1.5212523084498058E-004
   6.9299999999999997       -1.6267297730759785E-004   1.5052403822632130E-004
   6.9400000000000004       -1.6117567101649977E-004   1.4894007903168763E-004
   6.9500000000000002       -1.5969411880949555E-004   1.4737319509843043E-004
   6.9600000000000000       -1.5822815072219178E-004   1.4582322888867437E-004
   6.9699999999999998       -1.5677759836234614E-004   1.4429002351414789E-004
   6.9800000000000004       -1.5534229490325204E-004   1.4277342275978292E-004
   6.9900000000000002       -1.5392207507689424E-004   1.4127327110613038E-004
   7.0000000000000000       -1.5251677516688432E-004   1.3978941375063258E-004
   7.0099999999999998       -1.5112623300119035E-004   1.3832169662779579E-004
   7.0200000000000005       -1.4975028794466993E-004   1.3686996642830180E-004
   7.0300000000000002       -1.4838878089141772E-004   1.3543407061709841E-004
   7.0400000000000000       -1.4704155425693575E-004   1.3401385745050450E-004
   7.0499999999999998       -1.4570845197013770E-004   1.3260917599236722E-004
   7.0600000000000005       -1.4438931946519779E-004   1.3121987612930739E-004
   7.0700000000000003       -1.4308400367324983E-004   1.2984580858508481E-004
   7.0800000000000001       -1.4179235301394792E-004   1.2848682493411684E-004
   7.0899999999999999       -1.4051421738689473E-004   1.2714277761418237E-004
   7.1000000000000005       -1.3924944816294903E-004   1.2581351993834291E-004
   7.1100000000000003       -1.3799789817541550E-004   1.2449890610610723E-004
   7.1200000000000001       -1.3675942171112768E-004   1.2319879121387080E-004
   7.1299999999999999       -1.3553387450142976E-004   1.2191303126465673E-004
   7.1400000000000006       -1.3432111371306464E-004   1.2064148317718468E-004
   7.1500000000000004       -1.3312099793897448E-004   1.1938400479429370E-004
   7.1600000000000001       -1.3193338718901863E-004   1.1814045489074334E-004
   7.1699999999999999       -1.3075814288062045E-004   1.1691069318041874E-004
   7.1799999999999997       -1.2959512782933992E-004   1.1569458032295979E-004
   7.1900000000000004       -1.2844420623938643E-004   1.1449197792983960E-004
   7.2000000000000002       -1.2730524369407274E-004   1.1330274856991368E-004
   7.2100000000000000       -1.2617810714621406E-004   1.1212675577445707E-004
   7.2199999999999998       -1.2506266490848244E-004   1.1096386404171592E-004
   7.2300000000000004       -1.2395878664371482E-004   1.0981393884098571E-004
   7.2400000000000002       -1.2286634335518471E-004   1.0867684661624169E-004
   7.2500000000000000       -1.2178520737683950E-004   1.0755245478933365E-004
   7.2599999999999998       -1.2071525236350616E-004   1.0644063176276709E-004
   7.2700000000000005       -1.1965635328107399E-004   1.0534124692208452E-004
   7.2800000000000002       -1.1860838639665245E-004   1.0425417063786569E-004
   7.2900000000000000       -1.1757122926871400E-004   1.0317927426735915E-004
   7.2999999999999998       -1.1654476073721902E-004   1.0211643015576357E-004
   7.3100000000000005       -1.1552886091373196E-004   1.0106551163717171E-004
   7.3200000000000003       -1.1452341117153008E-004   1.0002639303519100E-004
   7.3300000000000001       -1.1352829413570475E-004   9.8998949663254329E-005
   7.3399999999999999       -1.1254339367326408E-004   9.7983057824634932E-005
   7.3500000000000005       -1.1156859488323467E-004   9.6978594812176569E-005
   7.3600000000000003       -1.1060378408676994E-004   9.5985438907753143E-005
   7.3700000000000001       -1.0964884881726221E-004   9.5003469381466175E-005
   7.3799999999999999       -1.0870367781046564E-004   9.4032566490595003E-005
   7.3900000000000006       -1.0776816099463109E-004   9.3072611478308274E-005
   7.4000000000000004       -1.0684218948065483E-004   9.2123486572147779E-005
   7.4100000000000001       -1.0592565555224277E-004   9.1185074982294234E-005
   7.4199999999999999       -1.0501845265609378E-004   9.0257260899626095E-005
   7.4299999999999997       -1.0412047539210337E-004   8.9339929493578615E-005
   7.4400000000000004       -1.0323161950358945E-004   8.8432966909813985E-005
   7.4500000000000002       -1.0235178186754266E-004   8.7536260267710389E-005
   7.4600000000000000       -1.0148086048490257E-004   8.6649697657677780E-005
   7.4699999999999998       -1.0061875447086080E-004   8.5773168138309231E-005
   7.4800000000000004       -9.9765364045195130E-005   8.4906561733375747E-005
   7.4900000000000002       -9.8920590522632443E-005   8.4049769428670376E-005
   7.5000000000000000       -9.8084336303245416E-005   8.3202683168710683E-005
   7.5099999999999998       -9.7256504862882110E-005   8.2365195853305404E-005
   7.5200000000000005       -9.6437000743630945E-005   8.1537201333991419E-005
   7.5300000000000002       -9.5625729544321486E-005   8.0718594410348886E-005
   7.5400000000000000       -9.4822597911063523E-005   7.9909270826199124E-005
   7.5499999999999998       -9.4027513527822790E-005   7.9109127265691384E-005
   7.5600000000000005       -9.3240385107039609E-005   7.8318061349285723E-005
   7.5700000000000003       -9.2461122380284490E-005   7.7535971629634560E-005
   7.5800000000000001       -9.1689636088958208E-005   7.6762757587370923E-005
   7.5899999999999999       -9.0925837975033507E-005   7.5998319626806277E-005
   7.6000000000000005       -9.0169640771839326E-005   7.5242559071543979E-005
   7.6100000000000003       -8.9420958194891400E-005   7.4495378160013094E-005
   7.6200000000000001       -8.8679704932764989E-005   7.3756680040924739E-005
   7.6299999999999999       -8.7945796638016783E-005   7.3026368768659423E-005
   7.6400000000000006       -8.7219149918150735E-005   7.2304349298584893E-005
   7.6500000000000004       -8.6499682326631448E-005   7.1590527482311774E-005
   7.6600000000000001       -8.5787312353946904E-005   7.0884810062888913E-005
   7.6699999999999999       -8.5081959418716830E-005   7.0187104669942754E-005
   7.6799999999999997       -8.4383543858852750E-005   6.9497319814764233E-005
   7.6900000000000004       -8.3691986922765824E-005   6.8815364885346612E-005
   7.7000000000000002       -8.3007210760624082E-005   6.8141150141376176E-005
   7.7100000000000000       -8.2329138415661397E-005   6.7474586709181413E-005
   7.7199999999999998       -8.1657693815536823E-005   6.6815586576640833E-005
   7.7300000000000004       -8.0992801763743206E-005   6.6164062588053974E-005
   7.7400000000000002       -8.0334387931071320E-005   6.5519928438978375E-005
   7.7500000000000000       -7.9682378847120084E-005   6.4883098671033253E-005
   7.7599999999999998       -7.9036701891864908E-005   6.4253488666675195E-005
   7.7700000000000005       -7.8397285287273394E-005   6.3631014643945237E-005
   7.7800000000000002       -7.7764058088977675E-005   6.3015593651193029E-005
   7.7900000000000000       -7.7136950177996385E-005   6.2407143561775803E-005
   7.7999999999999998       -7.6515892252511345E-005   6.1805583068739038E-005
   7.8100000000000005       -7.5900815819698717E-005   6.1210831679477746E-005
   7.8200000000000003       -7.5291653187610643E-005   6.0622809710380779E-005
   7.8300000000000001       -7.4688337457112534E-005   6.0041438281460695E-005
   7.8399999999999999       -7.4090802513874734E-005   5.9466639310970865E-005
   7.8500000000000005       -7.3498983020415604E-005   5.8898335510010695E-005
   7.8600000000000003       -7.2912814408201138E-005   5.8336450377121860E-005
   7.8700000000000001       -7.2332232869797296E-005   5.7780908192875524E-005
   7.8799999999999999       -7.1757175351076593E-005   5.7231634014453583E-005
   7.8900000000000006       -7.1187579543479309E-005   5.6688553670224140E-005
   7.9000000000000004       -7.0623383876328868E-005   5.6151593754313997E-005
   7.9100000000000001       -7.0064527509200951E-005   5.5620681621177035E-005
   7.9199999999999999       -6.9510950324348095E-005   5.5095745380162791E-005
   7.9300000000000006       -6.8962592919177184E-005   5.4576713890083984E-005
   7.9400000000000004       -6.8419396598782485E-005   5.4063516753785244E-005
   7.9500000000000002       -6.7881303368532209E-005   5.3556084312713678E-005
   7.9600000000000000       -6.7348255926709627E-005   5.3054347641493348E-005
   7.9699999999999998       -6.6820197657208676E-005   5.2558238542502951E-005
   7.9800000000000004       -6.6297072622282827E-005   5.2067689540458580E-005
   7.9900000000000002       -6.5778825555349782E-005   5.1582633877003799E-005
   8.0000000000000000       -6.5265401853848665E-005   5.1103005505304480E-005
   8.0099999999999998       -6.4756747572151496E-005   5.0628739084653020E-005
   8.0199999999999996       -6.4252809414529305E-005   5.0159769975080513E-005
   8.0299999999999994       -6.3753534728171678E-005   4.9696034231977407E-005
   8.0400000000000009       -6.3258871496259540E-005   4.9237468600725785E-005
   8.0500000000000007       -6.2768768331093050E-005   4.8784010511340597E-005
   8.0600000000000005       -6.2283174467270410E-005   4.8335598073123310E-005
   8.0700000000000003       -6.1802039754923422E-005   4.7892170069327160E-005
   8.0800000000000001       -6.1325314653003197E-005   4.7453665951834708E-005
   8.0899999999999999       -6.0852950222621412E-005   4.7020025835849560E-005
   8.0999999999999996       -6.0384898120442921E-005   4.6591190494600422E-005
   8.1099999999999994       -5.9921110592132394E-005   4.6167101354060446E-005
   8.1200000000000010       -5.9461540465852545E-005   4.5747700487680990E-005
   8.1300000000000008       -5.9006141145816718E-005   4.5332930611140522E-005
   8.1400000000000006       -5.8554866605891684E-005   4.4922735077109392E-005
   8.1500000000000004       -5.8107671383254253E-005   4.4517057870030810E-005
   8.1600000000000001       -5.7664510572100165E-005   4.4115843600917983E-005
   8.1699999999999999       -5.7225339817403236E-005   4.3719037502168782E-005
   8.1799999999999997       -5.6790115308728206E-005   4.3326585422397535E-005
   8.1899999999999995       -5.6358793774093796E-005   4.2938433821284419E-005
   8.1999999999999993       -5.5931332473888254E-005   4.2554529764443474E-005
   8.2100000000000009       -5.5507689194835319E-005   4.2174820918307900E-005
   8.2200000000000006       -5.5087822244011583E-005   4.1799255545035779E-005
   8.2300000000000004       -5.4671690442914233E-005   4.1427782497433259E-005
   8.2400000000000002       -5.4259253121580523E-005   4.1060351213898245E-005
   8.2500000000000000       -5.3850470112756741E-005   4.0696911713382983E-005
   8.2599999999999998       -5.3445301746117826E-005   4.0337414590377102E-005
   8.2699999999999996       -5.3043708842536968E-005   3.9981811009910550E-005
   8.2799999999999994       -5.2645652708404870E-005   3.9630052702576913E-005
   8.2900000000000009       -5.2251095129999396E-005   3.9282091959577378E-005
   8.3000000000000007       -5.1859998367903749E-005   3.8937881627786336E-005
   8.3100000000000005       -5.1472325151474645E-005   3.8597375104836423E-005
   8.3200000000000003       -5.1088038673359297E-005   3.8260526334226633E-005
   8.3300000000000001       -5.0707102584060327E-005   3.7927289800451199E-005
   8.3399999999999999       -5.0329480986551117E-005   3.7597620524149695E-005
   8.3499999999999996       -4.9955138430937840E-005   3.7271474057280087E-005
   8.3599999999999994       -4.9584039909170537E-005   3.6948806478312659E-005
   8.3700000000000010       -4.9216150849802035E-005   3.6629574387447508E-005
   8.3800000000000008       -4.8851437112794206E-005   3.6313734901852930E-005
   8.3900000000000006       -4.8489864984372407E-005   3.6001245650927696E-005
   8.4000000000000004       -4.8131401171926208E-005   3.5692064771585098E-005
   8.4100000000000001       -4.7776012798958248E-005   3.5386150903560043E-005
   8.4199999999999999       -4.7423667400079303E-005   3.5083463184739765E-005
   8.4299999999999997       -4.7074332916049156E-005   3.4783961246516347E-005
   8.4399999999999995       -4.6727977688866411E-005   3.4487605209163624E-005
   8.4499999999999993       -4.6384570456901072E-005   3.4194355677236969E-005
   8.4600000000000009       -4.6044080350075465E-005   3.3904173734996312E-005
   8.4700000000000006       -4.5706476885089820E-005   3.3617020941853151E-005
   8.4800000000000004       -4.5371729960693111E-005   3.3332859327840696E-005
   8.4900000000000002       -4.5039809853000023E-005   3.3051651389108450E-005
   8.5000000000000000       -4.4710687210851684E-005   3.2773360083439980E-005
   8.5099999999999998       -4.4384333051221456E-005   3.2497948825794928E-005
   8.5199999999999996       -4.4060718754666470E-005   3.2225381483875174E-005
   8.5299999999999994       -4.3739816060820863E-005   3.1955622373714768E-005
   8.5400000000000009       -4.3421597063935141E-005   3.1688636255294530E-005
   8.5500000000000007       -4.3106034208458850E-005   3.1424388328180439E-005
   8.5600000000000005       -4.2793100284665692E-005   3.1162844227186569E-005
   8.5700000000000003       -4.2482768424323057E-005   3.0903970018062556E-005
   8.5800000000000001       -4.2175012096403830E-005   3.0647732193205365E-005
   8.5899999999999999       -4.1869805102841879E-005   3.0394097667395585E-005
   8.5999999999999996       -4.1567121574328801E-005   3.0143033773558514E-005
   8.6099999999999994       -4.1266935966153446E-005   2.9894508258549792E-005
   8.6200000000000010       -4.0969223054084636E-005   2.9648489278965614E-005
   8.6300000000000008       -4.0673957930293500E-005   2.9404945396978027E-005
   8.6400000000000006       -4.0381115999318561E-005   2.9163845576194637E-005
   8.6500000000000004       -4.0090672974072774E-005   2.8925159177543618E-005
   8.6600000000000001       -3.9802604871889910E-005   2.8688855955183343E-005
   8.6699999999999999       -3.9516888010613148E-005   2.8454906052436812E-005
   8.6799999999999997       -3.9233499004723280E-005   2.8223279997751602E-005
   8.6899999999999995       -3.8952414761508039E-005   2.7993948700684293E-005
   8.7000000000000011       -3.8673612477270141E-005   2.7766883447910281E-005
   8.7100000000000009       -3.8397069633577033E-005   2.7542055899258609E-005
   8.7200000000000006       -3.8122763993548348E-005   2.7319438083771865E-005
   8.7300000000000004       -3.7850673598183476E-005   2.7099002395790986E-005
   8.7400000000000002       -3.7580776762728007E-005   2.6880721591066125E-005
   8.7500000000000000       -3.7313052073079532E-005   2.6664568782891419E-005
   8.7599999999999998       -3.7047478382230774E-005   2.6450517438266085E-005
   8.7699999999999996       -3.6784034806751345E-005   2.6238541374080173E-005
   8.7799999999999994       -3.6522700723309076E-005   2.6028614753325830E-005
   8.7900000000000009       -3.6263455765226512E-005   2.5820712081333467E-005
   8.8000000000000007       -3.6006279819077198E-005   2.5614808202033912E-005
   8.8100000000000005       -3.5751153021317518E-005   2.5410878294245054E-005
   8.8200000000000003       -3.5498055754956897E-005   2.5208897867984341E-005
   8.8300000000000001       -3.5246968646263705E-005   2.5008842760806316E-005
   8.8399999999999999       -3.4997872561507921E-005   2.4810689134165742E-005
   8.8499999999999996       -3.4750748603741202E-005   2.4614413469805653E-005
   8.8599999999999994       -3.4505578109610790E-005   2.4419992566171253E-005
   8.8700000000000010       -3.4262342646211099E-005   2.4227403534848444E-005
   8.8800000000000008       -3.4021024007969547E-005   2.4036623797028621E-005
   8.8900000000000006       -3.3781604213568183E-005   2.3847631079997651E-005
   8.9000000000000004       -3.3544065502900571E-005   2.3660403413651348E-005
   8.9100000000000001       -3.3308390334062327E-005   2.3474919127035013E-005
   8.9199999999999999       -3.3074561380377448E-005   2.3291156844909616E-005
   8.9299999999999997       -3.2842561527457665E-005   2.3109095484341955E-005
   8.9399999999999995       -3.2612373870297140E-005   2.2928714251321195E-005
   8.9500000000000011       -3.2383981710398911E-005   2.2749992637399742E-005
   8.9600000000000009       -3.2157368552937074E-005   2.2572910416360274E-005
   8.9700000000000006       -3.1932518103950427E-005   2.2397447640906858E-005
   8.9800000000000004       -3.1709414267569580E-005   2.2223584639382561E-005
   8.9900000000000002       -3.1488041143277161E-005   2.2051302012511180E-005
   9.0000000000000000       -3.1268383023200518E-005   2.1880580630164727E-005
   9.0099999999999998       -3.1050424389435224E-005   2.1711401628155734E-005
   9.0199999999999996       -3.0834149911403207E-005   2.1543746405054937E-005
   9.0299999999999994       -3.0619544443239101E-005   2.1377596619033558E-005
   9.0400000000000009       -3.0406593021211408E-005   2.1212934184731392E-005
   9.0500000000000007       -3.0195280861173180E-005   2.1049741270149207E-005
   9.0600000000000005       -2.9985593356042561E-005   2.0888000293566258E-005
   9.0700000000000003       -2.9777516073317316E-005   2.0727693920483049E-005
   9.0800000000000001       -2.9571034752615918E-005   2.0568805060588713E-005
   9.0899999999999999       -2.9366135303251801E-005   2.0411316864753289E-005
   9.0999999999999996       -2.9162803801836509E-005   2.0255212722044906E-005
   9.1099999999999994       -2.8961026489912036E-005   2.0100476256771630E-005
   9.1200000000000010       -2.8760789771613155E-005   1.9947091325548260E-005
   9.1300000000000008       -2.8562080211359275E-005   1.9795042014387384E-005
   9.1400000000000006       -2.8364884531574970E-005   1.9644312635815582E-005
   9.1500000000000004       -2.8169189610438289E-005   1.9494887726013640E-005
   9.1600000000000001       -2.7974982479659623E-005   1.9346752041982068E-005
   9.1699999999999999       -2.7782250322286627E-005   1.9199890558730198E-005
   9.1799999999999997       -2.7590980470538514E-005   1.9054288466490316E-005
   9.1899999999999995       -2.7401160403667783E-005   1.8909931167956071E-005
   9.2000000000000011       -2.7212777745848731E-005   1.8766804275544990E-005
   9.2100000000000009       -2.7025820264094386E-005   1.8624893608685394E-005
   9.2200000000000006       -2.6840275866199727E-005   1.8484185191127439E-005
   9.2300000000000004       -2.6656132598711545E-005   1.8344665248278281E-005
   9.2400000000000002       -2.6473378644925576E-005   1.8206320204561384E-005
   9.2500000000000000       -2.6292002322908709E-005   1.8069136680799616E-005
   9.2599999999999998       -2.6111992083548858E-005   1.7933101491622475E-005
   9.2699999999999996       -2.5933336508628970E-005   1.7798201642897104E-005
   9.2799999999999994       -2.5756024308928272E-005   1.7664424329182935E-005
   9.2900000000000009       -2.5580044322346655E-005   1.7531756931210333E-005
   9.3000000000000007       -2.5405385512057012E-005   1.7400187013382522E-005
   9.3100000000000005       -2.5232036964679691E-005   1.7269702321301380E-005
   9.3200000000000003       -2.5059987888483590E-005   1.7140290779316412E-005
   9.3300000000000001       -2.4889227611610164E-005   1.7011940488097405E-005
   9.3399999999999999       -2.4719745580322831E-005   1.6884639722230338E-005
   9.3499999999999996       -2.4551531357279448E-005   1.6758376927836183E-005
   9.3599999999999994       -2.4384574619828837E-005   1.6633140720213373E-005
   9.3700000000000010       -2.4218865158330408E-005   1.6508919881503030E-005
   9.3800000000000008       -2.4054392874497993E-005   1.6385703358377275E-005
   9.3900000000000006       -2.3891147779765674E-005   1.6263480259750141E-005
   9.4000000000000004       -2.3729119993675897E-005   1.6142239854511997E-005
   9.4100000000000001       -2.3568299742292624E-005   1.6021971569285681E-005
   9.4199999999999999       -2.3408677356633504E-005   1.5902664986206126E-005
   9.4299999999999997       -2.3250243271126645E-005   1.5784309840722208E-005
   9.4399999999999995       -2.3092988022088371E-005   1.5666896019420690E-005
   9.4500000000000011       -2.2936902246221967E-005   1.5550413557873068E-005
   9.4600000000000009       -2.2781976679139613E-005   1.5434852638504392E-005
   9.4700000000000006       -2.2628202153903254E-005   1.5320203588483968E-005
   9.4800000000000004       -2.2475569599588329E-005   1.5206456877638569E-005
   9.4900000000000002       -2.2324070039867330E-005   1.5093603116387152E-005
   9.5000000000000000       -2.2173694591613975E-005   1.4981633053698005E-005
   9.5099999999999998       -2.2024434463528167E-005   1.4870537575066776E-005
   9.5199999999999996       -2.1876280954780388E-005   1.4760307700516992E-005
   9.5299999999999994       -2.1729225453676769E-005   1.4650934582621223E-005
   9.5400000000000009       -2.1583259436342858E-005   1.4542409504544768E-005
   9.5500000000000007       -2.1438374465427739E-005   1.4434723878109377E-005
   9.5600000000000005       -2.1294562188827216E-005   1.4327869241879364E-005
   9.5700000000000003       -2.1151814338425022E-005   1.4221837259267947E-005
   9.5800000000000001       -2.1010122728855264E-005   1.4116619716664724E-005
   9.5899999999999999       -2.0869479256279972E-005   1.4012208521584505E-005
   9.5999999999999996       -2.0729875897188808E-005   1.3908595700836491E-005
   9.6099999999999994       -2.0591304707214088E-005   1.3805773398713950E-005
   9.6200000000000010       -2.0453757819965165E-005   1.3703733875204788E-005
   9.6300000000000008       -2.0317227445880650E-005   1.3602469504222231E-005
   9.6400000000000006       -2.0181705871097510E-005   1.3501972771856187E-005
   9.6500000000000004       -2.0047185456338451E-005   1.3402236274643989E-005
   9.6600000000000001       -1.9913658635815342E-005   1.3303252717862351E-005
   9.6699999999999999       -1.9781117916150411E-005   1.3205014913838195E-005
   9.6799999999999997       -1.9649555875315089E-005   1.3107515780279774E-005
   9.6899999999999995       -1.9518965161583158E-005   1.3010748338627579E-005
   9.7000000000000011       -1.9389338492502186E-005   1.2914705712424579E-005
   9.7100000000000009       -1.9260668653880784E-005   1.2819381125706009E-005
   9.7200000000000006       -1.9132948498790769E-005   1.2724767901408485E-005
   9.7300000000000004       -1.9006170946587520E-005   1.2630859459798309E-005
   9.7400000000000002       -1.8880328981942940E-005   1.2537649316918828E-005
   9.7500000000000000       -1.8755415653895972E-005   1.2445131083056809E-005
   9.7599999999999998       -1.8631424074918514E-005   1.2353298461227650E-005
   9.7699999999999996       -1.8508347419993927E-005   1.2262145245679017E-005
   9.7799999999999994       -1.8386178925713597E-005   1.2171665320413699E-005
   9.7900000000000009       -1.8264911889386592E-005   1.2081852657730000E-005
   9.8000000000000007       -1.8144539668162793E-005   1.1992701316781348E-005
   9.8100000000000005       -1.8025055678172638E-005   1.1904205442153445E-005
   9.8200000000000003       -1.7906453393679108E-005   1.1816359262459737E-005
   9.8300000000000001       -1.7788726346245126E-005   1.1729157088954858E-005
   9.8399999999999999       -1.7671868123913217E-005   1.1642593314165843E-005
   9.8499999999999996       -1.7555872370399897E-005   1.1556662410540834E-005
   9.8599999999999994       -1.7440732784303705E-005   1.1471358929115605E-005
   9.8700000000000010       -1.7326443118324392E-005   1.1386677498197276E-005
   9.8800000000000008       -1.7212997178498778E-005   1.1302612822065386E-005
   9.8900000000000006       -1.7100388823445513E-005   1.1219159679690159E-005
   9.9000000000000004       -1.6988611963625771E-005   1.1136312923467684E-005
   9.9100000000000001       -1.6877660560614946E-005   1.1054067477972033E-005
   9.9199999999999999       -1.6767528626386558E-005   1.0972418338724096E-005
   9.9299999999999997       -1.6658210222609742E-005   1.0891360570977125E-005
   9.9399999999999995       -1.6549699459956904E-005   1.0810889308518615E-005
   9.9500000000000011       -1.6441990497425189E-005   1.0730999752488636E-005
   9.9600000000000009       -1.6335077541668421E-005   1.0651687170214279E-005
   9.9700000000000006       -1.6228954846340939E-005   1.0572946894060439E-005
   9.9800000000000004       -1.6123616711452981E-005   1.0494774320295982E-005
   9.9900000000000002       -1.6019057482737093E-005   1.0417164907976630E-005
   10.000000000000000       -1.5915271551026222E-005   1.0340114177842417E-005
   10.010000000000000       -1.5812253351641902E-005   1.0263617711231790E-005
   10.020000000000000       -1.5709997363793399E-005   1.0187671149010215E-005
   10.029999999999999       -1.5608498109988911E-005   1.0112270190514736E-005
   10.040000000000001       -1.5507750155454426E-005   1.0037410592513117E-005
   10.050000000000001       -1.5407748107565906E-005   9.9630881681784324E-006
   10.060000000000000       -1.5308486615289587E-005   9.8892987860784115E-006
   10.070000000000000       -1.5209960368632910E-005   9.8160383691792096E-006
   10.080000000000000       -1.5112164098106372E-005   9.7433028938642885E-006
   10.090000000000000       -1.5015092574193263E-005   9.6710883889676024E-006
   10.100000000000000       -1.4918740606830234E-005   9.5993909348207049E-006
   10.109999999999999       -1.4823103044896897E-005   9.5282066623148323E-006
   10.120000000000001       -1.4728174775715404E-005   9.4575317519761794E-006
   10.130000000000001       -1.4633950724557991E-005   9.3873624330560436E-006
   10.140000000000001       -1.4540425854164528E-005   9.3176949826338495E-006
   10.150000000000000       -1.4447595164268660E-005   9.2485257247347420E-006
   10.160000000000000       -1.4355453691132708E-005   9.1798510294597662E-006
   10.170000000000000       -1.4263996507091175E-005   9.1116673121305392E-006
   10.180000000000000       -1.4173218720102905E-005   9.0439710324460705E-006
   10.190000000000000       -1.4083115473310766E-005   8.9767586936536716E-006
   10.200000000000001       -1.3993681944611530E-005   8.9100268417321936E-006
   10.210000000000001       -1.3904913346231517E-005   8.8437720645886881E-006
   10.220000000000001       -1.3816804924311529E-005   8.7779909912673885E-006
   10.230000000000000       -1.3729351958499737E-005   8.7126802911713423E-006
   10.240000000000000       -1.3642549761551579E-005   8.6478366732971137E-006
   10.250000000000000       -1.3556393678937850E-005   8.5834568854808871E-006
   10.260000000000000       -1.3470879088459499E-005   8.5195377136576908E-006
   10.270000000000000       -1.3386001399871066E-005   8.4560759811319951E-006
   10.279999999999999       -1.3301756054510102E-005   8.3930685478608850E-006
   10.290000000000001       -1.3218138524934031E-005   8.3305123097488294E-006
   10.300000000000001       -1.3135144314564502E-005   8.2684041979537220E-006
   10.310000000000000       -1.3052768957338476E-005   8.2067411782053689E-006
   10.320000000000000       -1.2971008017365272E-005   8.1455202501349465E-006
   10.330000000000000       -1.2889857088590916E-005   8.0847384466154006E-006
   10.340000000000000       -1.2809311794469665E-005   8.0243928331140381E-006
   10.350000000000000       -1.2729367787640674E-005   7.9644805070551658E-006
   10.359999999999999       -1.2650020749611364E-005   7.9049985971944868E-006
   10.370000000000001       -1.2571266390447802E-005   7.8459442630038479E-006
   10.380000000000001       -1.2493100448470444E-005   7.7873146940667107E-006
   10.390000000000001       -1.2415518689955142E-005   7.7291071094845660E-006
   10.400000000000000       -1.2338516908842494E-005   7.6713187572933503E-006
   10.410000000000000       -1.2262090926449835E-005   7.6139469138905682E-006
   10.420000000000000       -1.2186236591191127E-005   7.5569888834723262E-006
   10.430000000000000       -1.2110949778301951E-005   7.5004419974806302E-006
   10.440000000000000       -1.2036226389569165E-005   7.4443036140607050E-006
   10.450000000000001       -1.1962062353067288E-005   7.3885711175279989E-006
   10.460000000000001       -1.1888453622898579E-005   7.3332419178450050E-006
   10.470000000000001       -1.1815396178939863E-005   7.2783134501076695E-006
   10.480000000000000       -1.1742886026593462E-005   7.2237831740413389E-006
   10.490000000000000       -1.1670919196543247E-005   7.1696485735060216E-006
   10.500000000000000       -1.1599491744515901E-005   7.1159071560109225E-006
   10.510000000000000       -1.1528599751046581E-005   7.0625564522381881E-006
   10.520000000000000       -1.1458239321249866E-005   7.0095940155755798E-006
   10.529999999999999       -1.1388406584594892E-005   6.9570174216581226E-006
   10.540000000000001       -1.1319097694685174E-005   6.9048242679183374E-006
   10.550000000000001       -1.1250308829042435E-005   6.8530121731458060E-006
   10.560000000000000       -1.1182036188895504E-005   6.8015787770543099E-006
   10.570000000000000       -1.1114275998973880E-005   6.7505217398582368E-006
   10.580000000000000       -1.1047024507303247E-005   6.6998387418569903E-006
   10.590000000000000       -1.0980277985008263E-005   6.6495274830277474E-006
   10.600000000000000       -1.0914032726116744E-005   6.5995856826261715E-006
   10.609999999999999       -1.0848285047369240E-005   6.5500110787955322E-006
   10.620000000000001       -1.0783031288032174E-005   6.5008014281829203E-006
   10.630000000000001       -1.0718267809714236E-005   6.4519545055645100E-006
   10.640000000000001       -1.0653990996187671E-005   6.4034681034771716E-006
   10.650000000000000       -1.0590197253211727E-005   6.3553400318585560E-006
   10.660000000000000       -1.0526883008360787E-005   6.3075681176944872E-006
   10.670000000000000       -1.0464044710855872E-005   6.2601502046734293E-006
   10.680000000000000       -1.0401678831398524E-005   6.2130841528486863E-006
   10.690000000000000       -1.0339781862009645E-005   6.1663678383072116E-006
   10.700000000000001       -1.0278350315870492E-005   6.1199991528459930E-006
   10.710000000000001       -1.0217380727166760E-005   6.0739760036552012E-006
   10.720000000000001       -1.0156869650937174E-005   6.0282963130080392E-006
   10.730000000000000       -1.0096813662922984E-005   5.9829580179575705E-006
   10.740000000000000       -1.0037209359422518E-005   5.9379590700401685E-006
   10.750000000000000       -9.9780533571474679E-006   5.8932974349856700E-006
   10.760000000000000       -9.9193422930826086E-006   5.8489710924331777E-006
   10.770000000000000       -9.8610728243477053E-006   5.8049780356549008E-006
   10.779999999999999       -9.8032416280628721E-006   5.7613162712841563E-006
   10.790000000000001       -9.7458454012163701E-006   5.7179838190514428E-006
   10.800000000000001       -9.6888808605343238E-006   5.6749787115254258E-006
   10.810000000000000       -9.6323447423542673E-006   5.6322989938602419E-006
   10.820000000000000       -9.5762338025005849E-006   5.5899427235488101E-006
   10.830000000000000       -9.5205448161615170E-006   5.5479079701819509E-006
   10.840000000000000       -9.4652745777702700E-006   5.5061928152128066E-006
   10.850000000000000       -9.4104199008869522E-006   5.4647953517276093E-006
   10.859999999999999       -9.3559776180836587E-006   5.4237136842212962E-006
   10.870000000000001       -9.3019445808315104E-006   5.3829459283788468E-006
   10.880000000000001       -9.2483176593895765E-006   5.3424902108620508E-006
   10.890000000000001       -9.1950937426961609E-006   5.3023446691013697E-006
   10.900000000000000       -9.1422697382627876E-006   5.2625074510930822E-006
   10.910000000000000       -9.0898425720685195E-006   5.2229767152016965E-006
   10.920000000000000       -9.0378091884577273E-006   5.1837506299668057E-006
   10.930000000000000       -8.9861665500395306E-006   5.1448273739155363E-006
   10.940000000000000       -8.9349116375887518E-006   5.1062051353793065E-006
   10.950000000000001       -8.8840414499481389E-006   5.0678821123159167E-006
   10.960000000000001       -8.8335530039339033E-006   5.0298565121356266E-006
   10.970000000000001       -8.7834433342412158E-006   4.9921265515322402E-006
   10.980000000000000       -8.7337094933529344E-006   4.9546904563189361E-006
   10.990000000000000       -8.6843485514486188E-006   4.9175464612678359E-006
   11.000000000000000       -8.6353575963160190E-006   4.8806928099547147E-006
   11.010000000000000       -8.5867337332639106E-006   4.8441277546072841E-006
   11.020000000000000       -8.5384740850358113E-006   4.8078495559582181E-006
   11.029999999999999       -8.4905757917263812E-006   4.7718564831021613E-006
   11.040000000000001       -8.4430360106976115E-006   4.7361468133565430E-006
   11.050000000000001       -8.3958519164983798E-006   4.7007188321266368E-006
   11.060000000000000       -8.3490207007830296E-006   4.6655708327745582E-006
   11.070000000000000       -8.3025395722334996E-006   4.6307011164918430E-006
   11.080000000000000       -8.2564057564807797E-006   4.5961079921760618E-006
   11.090000000000000       -8.2106164960293305E-006   4.5617897763109207E-006
   11.100000000000000       -8.1651690501808165E-006   4.5277447928500676E-006
   11.109999999999999       -8.1200606949606814E-006   4.4939713731043899E-006
   11.120000000000001       -8.0752887230452276E-006   4.4604678556330223E-006
   11.130000000000001       -8.0308504436889507E-006   4.4272325861375395E-006
   11.140000000000001       -7.9867431826541782E-006   4.3942639173592892E-006
   11.150000000000000       -7.9429642821411740E-006   4.3615602089806223E-006
   11.160000000000000       -7.8995111007188578E-006   4.3291198275289185E-006
   11.170000000000000       -7.8563810132572815E-006   4.2969411462835759E-006
   11.180000000000000       -7.8135714108601360E-006   4.2650225451866375E-006
   11.190000000000000       -7.7710797007987331E-006   4.2333624107559945E-006
   11.200000000000001       -7.7289033064467961E-006   4.2019591360018531E-006
   11.210000000000001       -7.6870396672157294E-006   4.1708111203456721E-006
   11.220000000000001       -7.6454862384910777E-006   4.1399167695424442E-006
   11.230000000000000       -7.6042404915693387E-006   4.1092744956055245E-006
   11.240000000000000       -7.5632999135961469E-006   4.0788827167341459E-006
   11.250000000000000       -7.5226620075040963E-006   4.0487398572435626E-006
   11.260000000000000       -7.4823242919527330E-006   4.0188443474979914E-006
   11.270000000000000       -7.4422843012677831E-006   3.9891946238457924E-006
   11.279999999999999       -7.4025395853819456E-006   3.9597891285576722E-006
   11.290000000000001       -7.3630877097756315E-006   3.9306263097665942E-006
   11.300000000000001       -7.3239262554191970E-006   3.9017046214106068E-006
   11.310000000000000       -7.2850528187143525E-006   3.8730225231779842E-006
   11.320000000000000       -7.2464650114378485E-006   3.8445784804541091E-006
   11.330000000000000       -7.2081604606841079E-006   3.8163709642714204E-006
   11.340000000000000       -7.1701368088090815E-006   3.7883984512607731E-006
   11.350000000000000       -7.1323917133748642E-006   3.7606594236051832E-006
   11.359999999999999       -7.0949228470941435E-006   3.7331523689958004E-006
   11.370000000000001       -7.0577278977749116E-006   3.7058757805898091E-006
   11.380000000000001       -7.0208045682670367E-006   3.6788281569700169E-006
   11.390000000000001       -6.9841505764069496E-006   3.6520080021068032E-006
   11.400000000000000       -6.9477636549651842E-006   3.6254138253215448E-006
   11.410000000000000       -6.9116415515921113E-006   3.5990441412522114E-006
   11.420000000000000       -6.8757820287652247E-006   3.5728974698204735E-006
   11.430000000000000       -6.8401828637369063E-006   3.5469723362005898E-006
   11.440000000000000       -6.8048418484810925E-006   3.5212672707901840E-006
   11.450000000000001       -6.7697567896422913E-006   3.4957808091822614E-006
   11.460000000000001       -6.7349255084828167E-006   3.4705114921393613E-006
   11.470000000000001       -6.7003458408319146E-006   3.4454578655687528E-006
   11.480000000000000       -6.6660156370336425E-006   3.4206184804994784E-006
   11.490000000000000       -6.6319327618969195E-006   3.3959918930605877E-006
   11.500000000000000       -6.5980950946435661E-006   3.3715766644610990E-006
   11.510000000000000       -6.5645005288579739E-006   3.3473713609713789E-006
   11.520000000000000       -6.5311469724366113E-006   3.3233745539052459E-006
   11.529999999999999       -6.4980323475378685E-006   3.2995848196042117E-006
   11.540000000000001       -6.4651545905313456E-006   3.2760007394226011E-006
   11.550000000000001       -6.4325116519483786E-006   3.2526208997136800E-006
   11.560000000000000       -6.4001014964315669E-006   3.2294438918175660E-006
   11.570000000000000       -6.3679221026855025E-006   3.2064683120496526E-006
   11.580000000000000       -6.3359714634264077E-006   3.1836927616906410E-006
   11.590000000000000       -6.3042475853333835E-006   3.1611158469774432E-006
   11.600000000000000       -6.2727484889980308E-006   3.1387361790951152E-006
   11.609999999999999       -6.2414722088755283E-006   3.1165523741700450E-006
   11.620000000000001       -6.2104167932350729E-006   3.0945630532636683E-006
   11.630000000000001       -6.1795803041107697E-006   3.0727668423676197E-006
   11.640000000000001       -6.1489608172518529E-006   3.0511623723996344E-006
   11.650000000000000       -6.1185564220741059E-006   3.0297482791999111E-006
   11.660000000000000       -6.0883652216099831E-006   3.0085232035293808E-006
   11.670000000000000       -6.0583853324599855E-006   2.9874857910675145E-006
   11.680000000000000       -6.0286148847432108E-006   2.9666346924118445E-006
   11.690000000000000       -5.9990520220478918E-006   2.9459685630778748E-006
   11.700000000000001       -5.9696949013830103E-006   2.9254860634998428E-006
   11.710000000000001       -5.9405416931280964E-006   2.9051858590320985E-006
   11.720000000000001       -5.9115905809848914E-006   2.8850666199511564E-006
   11.730000000000000       -5.8828397619276370E-006   2.8651270214585781E-006
   11.740000000000000       -5.8542874461538894E-006   2.8453657436841818E-006
   11.750000000000000       -5.8259318570352834E-006   2.8257814716900332E-006
   11.760000000000000       -5.7977712310680465E-006   2.8063728954752833E-006
   11.770000000000000       -5.7698038178238937E-006   2.7871387099806148E-006
   11.779999999999999       -5.7420278799002625E-006   2.7680776150944065E-006
   11.790000000000001       -5.7144416928710115E-006   2.7491883156585939E-006
   11.800000000000001       -5.6870435452367650E-006   2.7304695214752624E-006
   11.810000000000000       -5.6598317383753509E-006   2.7119199473134834E-006
   11.820000000000000       -5.6328045864919025E-006   2.6935383129169684E-006
   11.830000000000000       -5.6059604165692635E-006   2.6753233430117408E-006
   11.840000000000000       -5.5792975683182385E-006   2.6572737673144421E-006
   11.850000000000000       -5.5528143941270913E-006   2.6393883205406883E-006
   11.859999999999999       -5.5265092590124304E-006   2.6216657424141181E-006
   11.870000000000001       -5.5003805405680694E-006   2.6041047776756283E-006
   11.880000000000001       -5.4744266289156224E-006   2.5867041760925287E-006
   11.890000000000001       -5.4486459266536068E-006   2.5694626924687445E-006
   11.900000000000000       -5.4230368488074962E-006   2.5523790866545067E-006
   11.910000000000000       -5.3975978227787423E-006   2.5354521235566309E-006
   11.920000000000000       -5.3723272882946380E-006   2.5186805731491831E-006
   11.930000000000000       -5.3472236973571600E-006   2.5020632104837374E-006
   11.940000000000000       -5.3222855141925471E-006   2.4855988157005941E-006
   11.950000000000001       -5.2975112151999407E-006   2.4692861740395088E-006
   11.960000000000001       -5.2728992889007695E-006   2.4531240758508370E-006
   11.970000000000001       -5.2484482358870707E-006   2.4371113166069278E-006
   11.980000000000000       -5.2241565687706914E-006   2.4212466969132787E-006
   11.990000000000000       -5.2000228121317309E-006   2.4055290225201758E-006
   12.000000000000000       -5.1760455024667924E-006   2.3899571043340179E-006
   12.010000000000000       -5.1522231881379734E-006   2.3745297584291421E-006
   12.020000000000000       -5.1285544293203818E-006   2.3592458060591853E-006
   12.030000000000001       -5.1050377979507657E-006   2.3441040736689286E-006
   12.040000000000001       -5.0816718776754532E-006   2.3291033929059880E-006
   12.050000000000001       -5.0584552637982480E-006   2.3142426006323628E-006
   12.060000000000000       -5.0353865632281709E-006   2.2995205389362657E-006
   12.070000000000000       -5.0124643944271673E-006   2.2849360551436741E-006
   12.080000000000000       -4.9896873873575817E-006   2.2704880018299755E-006
   12.090000000000000       -4.9670541834300748E-006   2.2561752368315183E-006
   12.100000000000000       -4.9445634354501248E-006   2.2419966232571906E-006
   12.109999999999999       -4.9222138075661076E-006   2.2279510294997899E-006
   12.120000000000001       -4.9000039752157319E-006   2.2140373292474125E-006
   12.130000000000001       -4.8779326250734018E-006   2.2002544014947782E-006
   12.140000000000001       -4.8559984549970512E-006   2.1866011305541544E-006
   12.150000000000000       -4.8342001739747163E-006   2.1730764060667366E-006
   12.160000000000000       -4.8125365020715156E-006   2.1596791230132887E-006
   12.170000000000000       -4.7910061703758536E-006   2.1464081817249889E-006
   12.180000000000000       -4.7696079209461451E-006   2.1332624878942037E-006
   12.190000000000000       -4.7483405067568757E-006   2.1202409525848588E-006
   12.200000000000001       -4.7272026916450841E-006   2.1073424922426361E-006
   12.210000000000001       -4.7061932502565940E-006   2.0945660287053691E-006
   12.220000000000001       -4.6853109679914482E-006   2.0819104892128308E-006
   12.230000000000000       -4.6645546409505734E-006   2.0693748064166012E-006
   12.240000000000000       -4.6439230758811443E-006   2.0569579183895280E-006
   12.250000000000000       -4.6234150901224623E-006   2.0446587686352591E-006
   12.260000000000000       -4.6030295115516537E-006   2.0324763060972384E-006
   12.270000000000000       -4.5827651785291094E-006   2.0204094851678063E-006
   12.280000000000001       -4.5626209398440615E-006   2.0084572656968352E-006
   12.290000000000001       -4.5425956546598819E-006   1.9966186130001789E-006
   12.300000000000001       -4.5226881924594657E-006   1.9848924978680597E-006
   12.310000000000000       -4.5028974329903625E-006   1.9732778965728421E-006
   12.320000000000000       -4.4832222662099505E-006   1.9617737908770205E-006
   12.330000000000000       -4.4636615922305672E-006   1.9503791680405651E-006
   12.340000000000000       -4.4442143212643153E-006   1.9390930208282156E-006
   12.350000000000000       -4.4248793735682678E-006   1.9279143475164629E-006
   12.359999999999999       -4.4056556793889362E-006   1.9168421519001408E-006
   12.370000000000001       -4.3865421789074507E-006   1.9058754432989503E-006
   12.380000000000001       -4.3675378221840631E-006   1.8950132365636009E-006
   12.390000000000001       -4.3486415691026313E-006   1.8842545520815534E-006
   12.400000000000000       -4.3298523893157542E-006   1.8735984157826553E-006
   12.410000000000000       -4.3111692621887503E-006   1.8630438591444724E-006
   12.420000000000000       -4.2925911767444898E-006   1.8525899191970682E-006
   12.430000000000000       -4.2741171316078375E-006   1.8422356385279175E-006
   12.440000000000000       -4.2557461349498209E-006   1.8319800652860348E-006
   12.450000000000001       -4.2374772044322134E-006   1.8218222531861880E-006
   12.460000000000001       -4.2193093671519300E-006   1.8117612615126164E-006
   12.470000000000001       -4.2012416595850111E-006   1.8017961551223937E-006
   12.480000000000000       -4.1832731275310988E-006   1.7919260044486725E-006
   12.490000000000000       -4.1654028260575591E-006   1.7821498855033850E-006
   12.500000000000000       -4.1476298194438425E-006   1.7724668798796839E-006
   12.510000000000000       -4.1299531811256240E-006   1.7628760747542218E-006
   12.520000000000000       -4.1123719936385893E-006   1.7533765628889760E-006
   12.530000000000001       -4.0948853485630619E-006   1.7439674426326286E-006
   12.540000000000001       -4.0774923464680487E-006   1.7346478179218474E-006
   12.550000000000001       -4.0601920968550313E-006   1.7254167982821778E-006
   12.560000000000000       -4.0429837181023848E-006   1.7162734988284279E-006
   12.570000000000000       -4.0258663374094541E-006   1.7072170402649514E-006
   12.580000000000000       -4.0088390907404421E-006   1.6982465488855033E-006
   12.590000000000000       -3.9919011227688072E-006   1.6893611565727793E-006
   12.600000000000000       -3.9750515868211499E-006   1.6805600007974697E-006
   12.609999999999999       -3.9582896448214924E-006   1.6718422246173262E-006
   12.620000000000001       -3.9416144672352979E-006   1.6632069766755097E-006
   12.630000000000001       -3.9250252330137084E-006   1.6546534111988972E-006
   12.640000000000001       -3.9085211295376836E-006   1.6461806879957801E-006
   12.650000000000000       -3.8921013525622234E-006   1.6377879724535582E-006
   12.660000000000000       -3.8757651061604971E-006   1.6294744355357919E-006
   12.670000000000000       -3.8595116026682730E-006   1.6212392537790833E-006
   12.680000000000000       -3.8433400626279792E-006   1.6130816092896141E-006
   12.690000000000000       -3.8272497147332376E-006   1.6050006897392509E-006
   12.700000000000001       -3.8112397957732378E-006   1.5969956883614543E-006
   12.710000000000001       -3.7953095505768108E-006   1.5890658039467678E-006
   12.720000000000001       -3.7794582319572444E-006   1.5812102408379615E-006
   12.730000000000000       -3.7636851006566172E-006   1.5734282089248677E-006
   12.740000000000000       -3.7479894252906001E-006   1.5657189236389752E-006
   12.750000000000000       -3.7323704822925206E-006   1.5580816059475303E-006
   12.760000000000000       -3.7168275558586109E-006   1.5505154823473947E-006
   12.770000000000000       -3.7013599378925068E-006   1.5430197848586446E-006
   12.780000000000001       -3.6859669279498606E-006   1.5355937510176495E-006
   12.790000000000001       -3.6706478331837111E-006   1.5282366238700667E-006
   12.800000000000001       -3.6554019682889667E-006   1.5209476519633203E-006
   12.810000000000000       -3.6402286554475190E-006   1.5137260893388776E-006
   12.820000000000000       -3.6251272242734124E-006   1.5065711955241418E-006
   12.830000000000000       -3.6100970117582595E-006   1.4994822355239755E-006
   12.840000000000000       -3.5951373622159183E-006   1.4924584798121279E-006
   12.850000000000000       -3.5802476272285080E-006   1.4854992043220458E-006
   12.859999999999999       -3.5654271655913687E-006   1.4786036904376574E-006
   12.870000000000001       -3.5506753432589614E-006   1.4717712249835770E-006
   12.880000000000001       -3.5359915332900446E-006   1.4650011002152736E-006
   12.890000000000001       -3.5213751157940090E-006   1.4582926138086950E-006
   12.900000000000000       -3.5068254778763513E-006   1.4516450688497104E-006
   12.910000000000000       -3.4923420135845051E-006   1.4450577738232328E-006
   12.920000000000000       -3.4779241238544306E-006   1.4385300426021396E-006
   12.930000000000000       -3.4635712164562115E-006   1.4320611944356056E-006
   12.940000000000000       -3.4492827059407453E-006   1.4256505539374893E-006
   12.950000000000001       -3.4350580135859401E-006   1.4192974510742059E-006
   12.960000000000001       -3.4208965673433707E-006   1.4130012211524189E-006
   12.970000000000001       -3.4067978017849028E-006   1.4067612048063325E-006
   12.980000000000000       -3.3927611580494700E-006   1.4005767479848772E-006
   12.990000000000000       -3.3787860837899274E-006   1.3944472019383905E-006
   13.000000000000000       -3.3648720331202281E-006   1.3883719232052418E-006
   13.010000000000000       -3.3510184665625989E-006   1.3823502735979428E-006
   13.020000000000000       -3.3372248509948154E-006   1.3763816201893708E-006
   13.030000000000001       -3.3234906595976852E-006   1.3704653352981225E-006
   13.040000000000001       -3.3098153718025540E-006   1.3646007964742670E-006
   13.050000000000001       -3.2961984732392777E-006   1.3587873864843597E-006
   13.060000000000000       -3.2826394556841123E-006   1.3530244932962841E-006
   13.070000000000000       -3.2691378170074582E-006   1.3473115100642066E-006
   13.080000000000000       -3.2556930611224654E-006   1.3416478351126179E-006
   13.090000000000000       -3.2423046979332370E-006   1.3360328719206591E-006
   13.100000000000000       -3.2289722432834076E-006   1.3304660291060573E-006
   13.109999999999999       -3.2156952189046589E-006   1.3249467204086719E-006
   13.120000000000001       -3.2024731523658728E-006   1.3194743646739888E-006
   13.130000000000001       -3.1893055770220452E-006   1.3140483858362334E-006
   13.140000000000001       -3.1761920319633515E-006   1.3086682129014124E-006
   13.150000000000000       -3.1631320619647006E-006   1.3033332799298791E-006
   13.160000000000000       -3.1501252174351357E-006   1.2980430260189112E-006
   13.170000000000000       -3.1371710543676043E-006   1.2927968952849476E-006
   13.180000000000000       -3.1242691342890203E-006   1.2875943368455582E-006
   13.190000000000000       -3.1114190242099659E-006   1.2824348048013627E-006
   13.200000000000001       -3.0986202965753147E-006   1.2773177582175349E-006
   13.210000000000001       -3.0858725292145794E-006   1.2722426611051633E-006
   13.220000000000001       -3.0731753052924031E-006   1.2672089824025498E-006
   13.230000000000000       -3.0605282132595516E-006   1.2622161959560930E-006
   13.240000000000000       -3.0479308468038097E-006   1.2572637805010508E-006
   13.250000000000000       -3.0353828048014250E-006   1.2523512196421188E-006
   13.260000000000000       -3.0228836912680611E-006   1.2474780018338023E-006
   13.270000000000000       -3.0104331153108280E-006   1.2426436203605957E-006
   13.280000000000001       -2.9980306910799146E-006   1.2378475733170348E-006
   13.290000000000001       -2.9856760377206148E-006   1.2330893635873739E-006
   13.300000000000001       -2.9733687793254721E-006   1.2283684988253320E-006
   13.310000000000000       -2.9611085448867681E-006   1.2236844914334678E-006
   13.320000000000000       -2.9488949682489974E-006   1.2190368585425379E-006
   13.330000000000000       -2.9367276880619383E-006   1.2144251219904548E-006
   13.340000000000000       -2.9246063477335159E-006   1.2098488083013905E-006
   13.350000000000000       -2.9125305953829493E-006   1.2053074486644118E-006
   13.359999999999999       -2.9005000837944623E-006   1.2008005789121069E-006
   13.370000000000001       -2.8885144703707566E-006   1.1963277394991597E-006
   13.380000000000001       -2.8765734170870057E-006   1.1918884754804972E-006
   13.390000000000001       -2.8646765904448747E-006   1.1874823364895445E-006
   13.400000000000000       -2.8528236614269764E-006   1.1831088767160484E-006
   13.410000000000000       -2.8410143054512349E-006   1.1787676548842791E-006
   13.420000000000000       -2.8292482023258579E-006   1.1744582342302878E-006
   13.430000000000000       -2.8175250362041450E-006   1.1701801824799614E-006
   13.440000000000000       -2.8058444955397616E-006   1.1659330718260834E-006
   13.450000000000001       -2.7942062730423212E-006   1.1617164789057680E-006
   13.460000000000001       -2.7826100656328279E-006   1.1575299847778474E-006
   13.470000000000001       -2.7710555743997454E-006   1.1533731748996158E-006
   13.480000000000000       -2.7595425045550633E-006   1.1492456391040491E-006
   13.490000000000000       -2.7480705653906049E-006   1.1451469715764232E-006
   13.500000000000000       -2.7366394702347243E-006   1.1410767708311955E-006
   13.510000000000000       -2.7252489364090977E-006   1.1370346396884996E-006
   13.520000000000000       -2.7138986851857308E-006   1.1330201852507017E-006
   13.530000000000001       -2.7025884417443243E-006   1.1290330188787616E-006
   13.540000000000001       -2.6913179351297573E-006   1.1250727561686107E-006
   13.550000000000001       -2.6800868982098546E-006   1.1211390169272428E-006
   13.560000000000000       -2.6688950676334620E-006   1.1172314251488487E-006
   13.570000000000000       -2.6577421837886222E-006   1.1133496089909029E-006
   13.580000000000000       -2.6466279907610611E-006   1.1094932007500490E-006
   13.590000000000000       -2.6355522362929647E-006   1.1056618368378895E-006
   13.600000000000000       -2.6245146717420004E-006   1.1018551577568132E-006
   13.609999999999999       -2.6135150520402735E-006   1.0980728080757446E-006
   13.620000000000001       -2.6025531356541900E-006   1.0943144364055921E-006
   13.630000000000001       -2.5916286845438106E-006   1.0905796953749249E-006
   13.640000000000001       -2.5807414641229352E-006   1.0868682416053910E-006
   13.650000000000000       -2.5698912432193026E-006   1.0831797356871846E-006
   13.660000000000000       -2.5590777940350315E-006   1.0795138421542674E-006
   13.670000000000000       -2.5483008921071832E-006   1.0758702294598392E-006
   13.680000000000000       -2.5375603162689741E-006   1.0722485699514054E-006
   13.690000000000000       -2.5268558486105772E-006   1.0686485398460572E-006
   13.700000000000001       -2.5161872744409204E-006   1.0650698192054951E-006
   13.710000000000001       -2.5055543822490748E-006   1.0615120919113499E-006
   13.720000000000001       -2.4949569636663732E-006   1.0579750456398551E-006
   13.730000000000000       -2.4843948134284615E-006   1.0544583718372193E-006
   13.740000000000000       -2.4738677293378504E-006   1.0509617656943310E-006
   13.750000000000000       -2.4633755122264107E-006   1.0474849261217935E-006
   13.760000000000000       -2.4529179659185612E-006   1.0440275557247904E-006
   13.770000000000000       -2.4424948971941517E-006   1.0405893607779328E-006
   13.780000000000001       -2.4321061157521731E-006   1.0371700512001885E-006
   13.790000000000001       -2.4217514341742004E-006   1.0337693405295611E-006
   13.800000000000001       -2.4114306678885010E-006   1.0303869458979711E-006
   13.810000000000000       -2.4011436351341651E-006   1.0270225880059903E-006
   13.820000000000000       -2.3908901569255022E-006   1.0236759910976403E-006
   13.830000000000000       -2.3806700570167908E-006   1.0203468829350784E-006
   13.840000000000000       -2.3704831618672091E-006   1.0170349947733852E-006
   13.850000000000000       -2.3603293006059683E-006   1.0137400613352847E-006
   13.859999999999999       -2.3502083049979141E-006   1.0104618207858273E-006
   13.870000000000001       -2.3401200094090546E-006   1.0072000147071068E-006
   13.880000000000001       -2.3300642507726690E-006   1.0039543880730475E-006
   13.890000000000001       -2.3200408685553570E-006   1.0007246892241125E-006
   13.900000000000000       -2.3100497047236378E-006   9.9751066984189255E-007
   13.910000000000000       -2.3000906037106464E-006   9.9431208492402142E-007
   13.920000000000000       -2.2901634123830329E-006   9.9112869275884012E-007
   13.930000000000000       -2.2802679800081543E-006   9.8796025490015942E-007
   13.940000000000000       -2.2704041582217023E-006   9.8480653614198376E-007
   13.950000000000001       -2.2605718009952893E-006   9.8166730449336751E-007
   13.960000000000001       -2.2507707646045087E-006   9.7854233115318523E-007
   13.970000000000001       -2.2410009075970043E-006   9.7543139048497904E-007
   13.980000000000000       -2.2312620907612387E-006   9.7233425999177782E-007
   13.990000000000000       -2.2215541770948772E-006   9.6925072029101928E-007
   14.000000000000000       -2.2118770317740896E-006   9.6618055508939759E-007
   14.010000000000000       -2.2022305221225159E-006   9.6312355115786230E-007
   14.020000000000000       -2.1926145175809803E-006   9.6007949830653327E-007
   14.030000000000001       -2.1830288896770438E-006   9.5704818935976317E-007
   14.040000000000001       -2.1734735119950598E-006   9.5402942013109602E-007
   14.050000000000001       -2.1639482601464294E-006   9.5102298939845546E-007
   14.060000000000000       -2.1544530117400643E-006   9.4802869887917275E-007
   14.070000000000000       -2.1449876463530189E-006   9.4504635320513969E-007
   14.080000000000000       -2.1355520455017060E-006   9.4207575989814122E-007
   14.090000000000000       -2.1261460926128514E-006   9.3911672934502040E-007
   14.100000000000000       -2.1167696729951734E-006   9.3616907477293289E-007
   14.109999999999999       -2.1074226738109709E-006   9.3323261222479942E-007
   14.120000000000001       -2.0981049840481125E-006   9.3030716053471670E-007
   14.130000000000001       -2.0888164944923787E-006   9.2739254130331673E-007
   14.140000000000001       -2.0795570976996997E-006   9.2448857887341778E-007
   14.150000000000000       -2.0703266879689928E-006   9.2159510030551706E-007
   14.160000000000000       -2.0611251613151540E-006   9.1871193535339938E-007
   14.170000000000000       -2.0519524154420786E-006   9.1583891643999752E-007
   14.180000000000000       -2.0428083497162916E-006   9.1297587863295949E-007
   14.190000000000000       -2.0336928651404029E-006   9.1012265962058018E-007
   14.200000000000001       -2.0246058643272340E-006   9.0727909968769511E-007
   14.210000000000001       -2.0155472514738196E-006   9.0444504169162970E-007
   14.220000000000001       -2.0065169323358835E-006   9.0162033103826972E-007
   14.230000000000000       -1.9975148142024439E-006   8.9880481565807787E-007
   14.240000000000000       -1.9885408058706578E-006   8.9599834598238988E-007
   14.250000000000000       -1.9795948176209901E-006   8.9320077491952291E-007
   14.260000000000000       -1.9706767611926042E-006   8.9041195783126008E-007
   14.270000000000000       -1.9617865497587668E-006   8.8763175250921923E-007
   14.280000000000001       -1.9529240979028059E-006   8.8486001915123499E-007
   14.290000000000001       -1.9440893215941791E-006   8.8209662033804557E-007
   14.300000000000001       -1.9352821381646964E-006   8.7934142100991145E-007
   14.310000000000000       -1.9265024662850367E-006   8.7659428844331421E-007
   14.320000000000000       -1.9177502259415761E-006   8.7385509222786219E-007
   14.330000000000000       -1.9090253384133001E-006   8.7112370424303516E-007
   14.340000000000000       -1.9003277262490444E-006   8.6839999863538219E-007
   14.350000000000000       -1.8916573132449286E-006   8.6568385179545330E-007
   14.359999999999999       -1.8830140244221117E-006   8.6297514233499790E-007
   14.370000000000001       -1.8743977860045105E-006   8.6027375106429680E-007
   14.380000000000001       -1.8658085253971427E-006   8.5757956096943453E-007
   14.390000000000001       -1.8572461711643115E-006   8.5489245718978537E-007
   14.400000000000000       -1.8487106530082888E-006   8.5221232699553169E-007
   14.410000000000000       -1.8402019017480745E-006   8.4953905976536976E-007
   14.420000000000000       -1.8317198492984589E-006   8.4687254696416451E-007
   14.430000000000000       -1.8232644286491691E-006   8.4421268212082126E-007
   14.440000000000000       -1.8148355738444943E-006   8.4155936080622637E-007
   14.450000000000001       -1.8064332199628750E-006   8.3891248061125390E-007
   14.460000000000001       -1.7980573030968046E-006   8.3627194112491365E-007
   14.470000000000001       -1.7897077603330214E-006   8.3363764391260327E-007
   14.480000000000000       -1.7813845297328020E-006   8.3100949249443101E-007
   14.490000000000000       -1.7730875503125115E-006   8.2838739232365244E-007
   14.500000000000000       -1.7648167620244732E-006   8.2577125076521464E-007
   14.510000000000000       -1.7565721057378436E-006   8.2316097707441959E-007
   14.520000000000000       -1.7483535232198818E-006   8.2055648237570213E-007
   14.530000000000001       -1.7401609571173414E-006   8.1795767964145726E-007
   14.540000000000001       -1.7319943509380419E-006   8.1536448367108067E-007
   14.550000000000001       -1.7238536490328903E-006   8.1277681106993859E-007
   14.560000000000000       -1.7157387965776458E-006   8.1019458022867308E-007
   14.570000000000000       -1.7076497395554417E-006   8.0761771130250107E-007
   14.580000000000000       -1.6995864247390889E-006   8.0504612619051089E-007
   14.590000000000000       -1.6915487996736935E-006   8.0247974851534084E-007
   14.600000000000000       -1.6835368126597457E-006   7.9991850360270931E-007
   14.609999999999999       -1.6755504127359300E-006   7.9736231846123377E-007
   14.620000000000001       -1.6675895496625689E-006   7.9481112176224706E-007
   14.630000000000001       -1.6596541739050044E-006   7.9226484381988657E-007
   14.640000000000001       -1.6517442366173580E-006   7.8972341657099588E-007
   14.650000000000000       -1.6438596896263195E-006   7.8718677355551347E-007
   14.660000000000000       -1.6360004854152289E-006   7.8465484989674297E-007
   14.670000000000000       -1.6281665771084115E-006   7.8212758228174105E-007
   14.680000000000000       -1.6203579184555182E-006   7.7960490894200348E-007
   14.690000000000000       -1.6125744638162931E-006   7.7708676963402651E-007
   14.700000000000001       -1.6048161681453592E-006   7.7457310562016356E-007
   14.710000000000001       -1.5970829869772419E-006   7.7206385964952621E-007
   14.720000000000001       -1.5893748764116744E-006   7.6955897593902629E-007
   14.730000000000000       -1.5816917930988822E-006   7.6705840015453037E-007
   14.740000000000000       -1.5740336942253124E-006   7.6456207939214897E-007
   14.750000000000000       -1.5664005374994217E-006   7.6206996215954624E-007
   14.760000000000000       -1.5587922811375262E-006   7.5958199835760368E-007
   14.770000000000000       -1.5512088838500662E-006   7.5709813926196182E-007
   14.780000000000001       -1.5436503048279500E-006   7.5461833750476299E-007
   14.790000000000001       -1.5361165037290820E-006   7.5214254705658798E-007
   14.800000000000001       -1.5286074406649731E-006   7.4967072320839974E-007
   14.810000000000000       -1.5211230761877491E-006   7.4720282255375201E-007
   14.820000000000000       -1.5136633712771407E-006   7.4473880297093394E-007
   14.830000000000000       -1.5062282873277432E-006   7.4227862360540138E-007
   14.840000000000000       -1.4988177861364518E-006   7.3982224485225385E-007
   14.850000000000000       -1.4914318298900351E-006   7.3736962833885084E-007
   14.859999999999999       -1.4840703811528576E-006   7.3492073690753131E-007
   14.870000000000001       -1.4767334028549404E-006   7.3247553459848527E-007
   14.880000000000001       -1.4694208582799003E-006   7.3003398663276298E-007
   14.890000000000001       -1.4621327110533238E-006   7.2759605939535626E-007
   14.900000000000000       -1.4548689251312281E-006   7.2516172041840474E-007
   14.910000000000000       -1.4476294647886710E-006   7.2273093836459493E-007
   14.920000000000000       -1.4404142946084036E-006   7.2030368301062182E-007
   14.930000000000000       -1.4332233794699888E-006   7.1787992523082099E-007
   14.940000000000000       -1.4260566845388080E-006   7.1545963698081903E-007
   14.950000000000001       -1.4189141752553234E-006   7.1304279128146259E-007
   14.960000000000001       -1.4117958173245580E-006   7.1062936220275853E-007
   14.970000000000001       -1.4047015767056433E-006   7.0821932484798624E-007
   14.980000000000000       -1.3976314196015578E-006   7.0581265533789451E-007
   14.990000000000000       -1.3905853124490847E-006   7.0340933079507306E-007
   15.000000000000000       -1.3835632219088283E-006   7.0100932932842083E-007
